camera_matrix:
  cols: 3
  data: [638.2435782960684, 0.0, 322.55886768241146, 0.0, 639.9337329640731, 242.58752934787228,
    0.0, 0.0, 1.0]
  rows: 3
camera_name: cam_overhead
distortion_coefficients:
  cols: 5
  data: [-0.007684053008468289, 0.4240655677332417, -0.0032744506834755235, -0.00648628804194836,
    -0.7935947726971085]
  rows: 1
distortion_model: plumb_bob
image_height: 480
image_width: 640
projection_matrix:
  cols: 4
  data: [648.3201904296875, 0.0, 318.53757336453054, 0.0, 0.0, 652.1754150390625,
    240.73408074688268, 0.0, 0.0, 0.0, 1.0, 0.0]
  rows: 3
rectification_matrix:
  cols: 3
  data: [1.0, 0.0, 0.0, 0.0, 1.0, 0.0, 0.0, 0.0, 1.0]
  rows: 3
